0
891
2379
3623
5570
6707
8640
9998
13129
15121
15542
18701
21117
23677
24276
25724
30460
32105
39137
33533
36854
41368
43996
45111
50241
50319
56718
56617
54499
56772
60760
74586
77645
71343
72108
70259
87634
76552
78620
80464
90026
141991
99498
97100
100020
100327
101168
105628
112794
111238
114837
112000
124488
121378
134571
123577
132292
137751
129102
143022
138114
136935
171221
155983
186608
151955
156602
165382
170818
157358
162096
162775
204863
185000
180296
175187
187572
196461
187177
183192
208845
193753
356495
232891
221912
219111
215783
224627
229287
237025
226460
239565
229307
252774
241082
247392
278358
241598
255178
254527
266641
